2, 3, 5, 7, 13, 17, 19, 31, 61, 89, 107, 127, 521, 607, 1279, 2203, 2281, 3217, 4253, 4423, 9689, 9941

1, 2, 6, 4, 2, 12, 30, 28, 19, 18, 20, 394, 86, 672, 924, 78, 936, 1036, 170, 5266, 252

2 == 3
3 == 7
5 == 31
7 == 127
13 == 8191
17 == 131071
19 == 524287
31 == 2147483647
61 == 2305843009213693951
89 == 618970019642690137449562111
107 == 162259276829213363391578010288127
127 == 170141183460469231731687303715884105727
521 == 6864797660130609714981900799081393217269435300143305409394463459185543183397656052122559640661454554977296311391480858037121987999716643812574028291115057151
607 == 531137992816767098689588206552468627329593117727031923199444138200403559860852242739162502265229285668889329486246501015346579337652707239409519978766587351943831270835393219031728127



